# Generated by scripts/generate_fixed_stage_stim.py
# seed 23063
# valid last a_re a_im b_re b_im
1 0 10 2 3 4
1 0 7 -3 -2 1
1 1 -8 5 2 -6
0 0 0 0 0 0
1 0 -1 -1 2 2
1 1 4 1 1 -3
1 0 -11199 15958 -828 21693
1 0 -17488 7707 -6020 29802
1 0 -2186 18320 19973 -8628
1 0 12388 6496 -30916 -12765
1 0 -16212 29565 -3314 14513
1 0 20715 -23699 -2715 11357
1 0 8507 14570 843 -24162
1 0 623 -32101 2560 -669
1 0 915 25729 3187 -1396
1 0 16218 4165 -5468 28841
1 0 -32047 -10315 -2540 30807
1 0 10544 -9743 -12364 5132
1 0 11140 -25861 -14267 -13730
1 0 20834 -9312 4813 3597
1 0 20822 26915 26888 4346
0 0 -16581 2621 -31995 -21538
1 0 -11430 -18519 -1087 -851
1 0 -9675 -3989 -25696 -24972
1 0 2167 -14158 19249 27460
1 0 18588 -23467 29956 14410
1 0 6177 8015 -28421 4271
1 0 -17863 -23992 24192 2264
1 0 -3835 -2189 -1291 -29573
1 1 -12567 24729 -9220 -26793
1 0 -16804 -21338 -8219 1129
1 0 15736 10260 23430 -10384
0 0 -24679 -23283 27496 29811
1 0 -24895 21315 2261 19339
1 0 4910 11959 -10591 6827
1 0 14722 -14591 3441 15400
1 0 22124 -3166 -12192 -30923
1 0 -9401 -1818 1086 30049
1 0 25001 -28326 25738 2865
1 0 -23441 -12988 -32731 -14627
0 0 -2442 -22370 -1034 -2874
1 0 -9846 3128 -14475 -600
1 0 30571 -3504 -19057 10760
1 0 3310 31164 19429 -23819
1 0 26159 -29449 1057 15438
1 0 19924 -3261 22664 7826
1 0 24190 22406 -624 29901
1 0 -20556 453 -22071 19070
1 1 4424 -20532 1904 29284
1 0 13488 -25920 -5293 -12150
1 0 21898 27882 14262 12545
1 0 -19290 -5490 4022 -18380
1 0 -5096 1577 9225 -24090
1 0 8444 -24405 21876 27103
1 0 20070 -10896 -11918 5477
1 0 9990 11997 -32236 28502
1 0 -2302 10587 -16736 6647
1 0 -19044 -10869 -3390 32377
1 0 8737 -23895 19972 13503
1 0 -21975 -10397 -32273 32238
1 0 -20547 -17849 -15968 -29767
0 0 23550 26362 -13271 20114
1 0 -13680 -28661 19784 28511
1 0 4458 -27034 -172 -462
1 0 -709 -11295 -6963 14749
1 0 -61 21583 25780 21931
1 0 -3949 -15444 19069 28834
1 0 -9489 -31643 -29324 -31719
1 0 5146 18542 4471 -5639
1 0 21169 3406 -23411 9386
1 0 -11531 -6732 -24237 14065
1 0 -32001 5471 -9933 28566
1 0 11531 -5227 17116 29372
1 0 -3808 10591 8094 20828
1 0 27911 -25394 6587 -14460
1 0 -16540 30256 -32710 19567
1 0 25861 26272 -6918 -13638
1 0 24157 7384 -454 3606
1 0 -26199 4786 -447 -6704
1 0 1718 -30719 -7339 9379
1 0 15734 -24152 -22774 5755
1 0 -25621 8138 -29105 -27614
1 0 8568 20446 16757 -18476
1 0 7497 8802 -15607 -31307
1 0 8969 20328 12571 32378
1 0 4320 10586 -27233 3201
1 0 -8275 12745 19917 10627
1 0 19420 -32443 -10835 14714
1 0 -29539 17373 30776 -17545
1 0 -3817 -22688 -27059 -28033
1 0 32344 22689 -14694 -9151
1 0 -5994 -472 31611 17005
1 0 14043 -24064 -16889 -5357
1 0 -1480 -12711 -5132 -9241
1 0 8430 13957 -17661 2439
1 0 -15297 -21961 23607 -20251
1 0 4189 5642 7550 -14573
1 0 -23307 -18811 -25471 -15062
1 0 -28616 24203 -8279 30883
1 0 6448 -29042 5892 26527
1 0 -4066 27025 19510 -22347
1 0 7407 13043 -28546 23363
1 0 26238 27949 -21101 -9137
1 0 -884 -17444 3718 31538
1 0 -18061 -3234 -15383 -19401
1 0 13385 26376 21121 14003
1 0 -23457 -24527 7898 6823
1 0 -6650 -22948 -17898 6376
1 0 31276 17270 10833 31740
1 0 -26502 5178 315 -25124
1 0 -22855 -26752 29386 26409
1 0 27015 21543 -10660 -17736
1 0 3157 -4098 -9733 8450
1 0 -22005 -29891 -17700 26282
1 0 25676 32333 -13212 13291
1 0 21874 29838 29993 21423
1 0 15975 -5920 -21671 -19186
1 0 -416 6352 3585 -18297
1 0 -22644 -29782 17979 16159
1 0 32394 -27283 23730 -27468
1 0 -21207 9849 30754 -4207
1 0 -17508 24948 6146 -17488
1 0 -14479 -24404 17017 19202
1 0 -25539 -11224 29057 -30345
0 0 32302 -11679 18076 -26786
1 0 29536 -22156 -21099 -30285
1 0 1647 23634 29383 10247
1 0 -13691 -7343 -5132 -29514
1 0 28588 -12635 -25376 -21974
1 0 -4400 -7263 12233 7437
1 0 -25584 -16605 15484 18591
1 0 8974 -2679 30205 -29416
1 0 2708 12553 -2296 -11358
1 0 4641 21775 -27078 -13834
1 0 15534 19014 15994 22495
1 0 13482 28768 1011 -4075
1 0 30102 11310 -26434 22942
1 0 18448 -7551 27441 28239
1 0 17710 -20028 19324 -24920
1 0 31186 -1177 22293 13259
1 0 10549 20144 -10181 -26994
1 0 18640 1722 -8309 10191
1 0 6509 -15298 8184 -9536
1 0 134 -18234 5563 -22470
1 0 26100 21515 25768 -12091
1 0 -12526 -9430 -27364 11590
1 0 30111 14265 -6524 24598
1 0 1060 -474 14274 26476
1 0 13342 -27039 6043 -31465
1 0 4490 6220 -6010 -20641
1 0 26453 12886 -16274 -6153
1 0 -5569 -19050 -16731 18044
1 0 -10642 -11504 -11997 -25294
1 0 -13129 26370 -9948 -21178
1 0 -11860 29692 21457 14104
1 0 -27504 -13002 27332 11679
1 0 27733 28101 -32147 -22439
1 0 13940 14853 -29536 30683
1 0 6622 -22805 -6114 -11315
1 0 -25182 -22895 -3203 -30593
1 0 14290 -15903 -72 -15382
1 0 20253 -30308 -18950 26702
1 0 6571 21888 -13944 -10347
1 0 17501 -20809 7945 -15535
1 0 -32092 -1429 30257 -20889
1 0 1001 10334 -16848 -5401
1 0 -28333 20615 27416 27076
1 0 -19522 23806 -28164 -15793
1 0 -26674 -1153 10650 22634
1 0 -20954 -24614 30729 -6870
1 0 17476 -24780 -26651 31455
1 0 -22732 27210 -6137 11574
1 0 20777 -5921 -15707 15172
0 0 8318 -11532 -14320 -29197
1 0 -31522 -11239 29199 25087
1 0 1196 17103 -8966 19315
1 0 -29295 16552 21149 8332
1 1 27274 -21007 18252 29891
1 0 -32274 -11300 -6838 -6838
1 0 -15812 25829 -11678 30122
1 0 -25136 -860 11958 29984
1 0 -17836 -15400 20686 29100
1 0 -14086 29583 8529 -14802
1 0 -24076 -1964 15026 -32022
1 0 25421 13878 -23576 10751
1 0 12133 28778 -17476 -739
1 0 21950 24784 -10761 -12262
1 0 -20812 -16636 15944 -12852
1 0 -18505 -21950 4017 20995
1 0 -25786 -8285 -21405 -11374
1 0 13639 -18839 -31929 14337
1 0 -10843 -15876 -22689 14976
1 0 19505 -30443 4829 2141
1 0 31398 22490 2600 22972
1 0 2764 17033 -24729 9632
1 0 6188 14857 -12875 18680
1 0 18417 -3161 13364 -4735
1 0 -32542 7661 11277 26837
1 0 28600 -2241 -11946 -12987
0 0 -30452 -28262 9030 -30940
1 0 6143 -24087 29283 -11850
1 0 -4944 2200 22515 20484
1 0 -30640 -16857 11534 -16820
1 0 16480 -5833 -25581 -24161
1 0 -1942 -12867 -83 31420
1 0 6430 2647 13313 26056
1 0 -20411 -17087 -31384 -5282
1 0 32307 -25517 -22121 -12135
1 0 16350 -6561 19429 -31182
1 0 -6255 8637 5378 -21882
1 0 -21488 -16277 10572 18292
1 0 -11444 -6809 -20804 -18250
1 0 -1350 6638 -10406 7096
1 0 -28273 14953 23 -6841
1 0 -9647 19105 11712 -5030
1 0 9064 -10408 18491 -18448
0 0 877 -14495 17773 -22230
1 0 -16419 3818 -14880 5479
1 0 -5686 -27925 19078 -5072
1 0 26534 1000 -10000 8541
1 0 -32157 30518 -9461 16608
1 0 -15548 19929 2063 -30113
0 0 -29061 -23770 16795 -22202
1 0 -16303 -32459 9785 -18553
1 0 -6381 -26752 4560 4443
1 0 12342 25330 27162 2157
1 0 7453 23277 16623 946
1 0 -2988 816 2942 17804
1 0 20536 7306 30567 27875
1 0 -11924 -24488 -28667 2357
1 0 6460 -9139 25316 664
1 0 9248 17848 -786 30302
1 0 -32365 20218 -13671 23279
1 0 -26631 17478 15473 2091
1 0 -16064 5247 1436 24403
1 0 -15778 -29748 -6475 16906
1 0 26282 243 29074 -10518
1 0 -3692 -29099 4021 -22754
1 0 5166 11616 -2573 -20247
1 0 -13129 -19700 -29814 4690
1 0 -8580 -22986 27939 6170
1 0 6108 15152 19778 4557
1 0 -5688 -28422 15160 -5971
1 0 26691 -4172 14405 19010
1 0 -12719 -9568 2436 -13954
1 0 10963 9404 -13228 -15618
1 0 22203 -6946 -17926 31223
1 0 -32121 4170 21317 -30615
1 0 -29917 -30607 24726 -11099
1 0 12130 15462 27224 -18374
1 0 31093 15444 22886 -7961
1 0 31607 -28295 -32472 -28518
1 0 30140 -21217 7215 -4483
1 0 12199 -2922 -10598 -14981
1 0 -32669 19369 27035 8965
1 0 3013 22211 -30589 18788
1 0 -4251 31856 -32013 -12834
1 0 -25077 -4411 21603 19510
1 0 -30180 -11331 -16091 -10155
1 0 -8381 14569 -7141 -24358
1 0 -1061 1590 20003 3080
1 0 -27379 8559 -4486 -20188
1 0 -2646 -15036 3018 17844
1 0 -16193 7315 -28627 -16916
1 0 -27740 1998 20563 22283
1 0 -12950 9334 -22159 -17792
1 0 -6352 -3824 13777 -23959
1 0 7394 10600 20616 29899
1 0 -32691 -11963 30933 -10231
1 0 -2364 11739 13292 -20903
1 0 6695 -123 26674 14915
1 0 -10052 -21754 -27136 -18179
1 0 -7974 -31738 -5820 -1592
1 0 -15268 -29227 -14578 -32155
0 0 -5 -21301 -32464 -9549
1 0 -19334 24740 1521 15080
1 0 -31742 -19771 -12919 26467
1 0 -12666 -19087 -11971 11341
1 0 -14408 20608 -28205 -22576
1 0 19026 -27555 555 10315
0 0 6048 -9093 5201 -23871
1 0 29722 -30544 -11732 -31140
1 0 -27739 -2217 -4823 1865
1 0 -22914 -9703 22065 27607
1 0 12401 24844 9644 2753
1 0 2525 -19931 -3817 -30730
1 0 -30169 -19098 -5644 -21571
0 0 -26488 -27541 -20144 20749
1 0 13470 -21343 -9050 -31302
0 0 -7225 -10902 25029 -29622
1 0 -31434 -5133 29526 -20018
1 0 -17614 8186 -21891 20592
1 0 20348 20801 14545 25832
1 0 -5195 17910 -16679 24330
1 0 -7332 -18507 1483 -19483
1 0 -812 -15329 24144 21411
1 0 -32261 -18607 16832 32025
1 0 21573 24477 6444 13574
0 0 28045 13019 -13229 13701
1 0 -23217 -16236 -9636 27000
1 0 195 20469 30090 12841
1 0 -28492 -28126 26147 6887
1 0 29427 16127 -22867 30845
1 0 18744 -6247 20675 23645
1 0 24968 7902 -15830 -12989
1 0 13175 9346 26564 -14103
1 0 22684 6543 -6808 -25076
1 0 -2391 -20855 -21128 -23676
1 0 -25858 24715 5126 3547
1 0 18641 -10640 27375 -24272
1 0 -957 -20741 -28294 -400
1 0 19769 -23904 21352 25333
1 0 -9381 30461 18924 6195
0 0 26072 26565 725 -15665
1 0 -12643 20518 6035 -16
1 0 -4003 -16324 -14408 14649
1 0 -26603 -28219 11638 15588
1 0 -19340 1604 -19215 -16456
0 0 2556 6237 -30089 21688
1 0 -2862 22331 -11171 -21083
1 0 22388 21148 16283 -703
1 0 -7701 19284 18504 17625
1 0 11324 17608 17686 19601
1 0 9053 -13563 -28543 21259
1 0 13614 -19923 -3111 -3842
1 0 4091 11838 -7158 6831
1 0 -12374 -32679 -13434 9532
1 0 -8886 13963 -1375 -22626
1 0 25398 -12925 -12165 -11201
1 0 -17520 23064 27335 -25935
1 0 -16181 -10809 11436 -3611
1 0 5874 6614 -385 6754
1 0 -19600 -28648 -25601 -31156
1 0 -19674 27424 -10061 -14678
1 0 -7013 22852 -1465 -13667
1 0 -3150 -19678 15922 -12165
1 0 -10271 30163 -16398 16437
1 0 -30962 27683 28779 -11921
1 0 -29431 -15697 -8556 6768
1 0 25985 -10025 -29705 27894
1 0 4103 -25447 -31700 -3154
1 0 -26280 -6030 29969 21155
1 0 -7723 -7047 -29698 -22782
1 0 -30710 -29087 9768 -28226
1 0 15594 -1196 -8427 -5345
1 0 18858 4601 -17792 -5538
1 0 19802 19342 27652 29501
1 0 24448 4690 268 -30672
1 0 -31431 25216 -15885 -2294
1 0 22013 -11587 16527 -8201
1 1 15113 -1882 -9011 -19391
1 0 -21971 -23221 6821 -21114
1 0 -14030 15481 506 -32213
1 0 -11052 -12888 -227 -14121
1 0 32105 17904 -19517 8772
1 0 -8351 -28006 22647 4761
1 0 -9035 -9602 20868 3261
1 0 15040 17566 -7882 7982
1 0 -28317 -30765 15926 1061
1 0 29356 4529 -28913 -10755
1 0 -9003 -23442 18701 -7865
1 0 -19902 7963 -23857 1506
1 0 32626 11496 7181 6153
1 0 29095 -27753 -6160 -5738
1 0 -6101 -21080 6387 -14760
1 0 28492 -11026 16507 25440
1 0 22654 -1789 13624 -11819
1 0 -2419 15174 -6613 -22873
1 0 -17424 -22211 31021 32052
1 0 2628 -1112 -29464 7158
1 0 13089 26465 18873 -2147
0 0 -439 9938 10491 16094
1 0 -10615 10627 4349 -32322
1 0 -4347 -30780 333 17656
1 1 9268 -22450 -2724 18962
1 0 -12990 22610 -12900 -2952
1 0 1871 -16403 17764 -22798
1 0 9882 4651 3206 -6874
1 0 -31901 3359 -32067 21975
1 0 14259 -12176 28936 10852
1 0 -30130 -26543 32177 -10666
1 0 -26209 -6757 -14211 -21990
1 0 -25998 1107 10123 -24969
1 0 9954 10045 -16491 13166
1 0 -7388 10230 28631 27902
1 0 -1738 -12956 7270 -23454
1 0 781 31463 6846 22334
0 0 -22253 32585 15887 -4172
1 0 -17717 -16383 -29836 21723
0 0 2103 9563 -10141 -3033
1 0 22876 -1546 14326 -24424
1 0 19096 -30518 -2101 256
1 0 1694 18148 -17242 -15631
1 0 -15655 -9278 -20845 11577
1 0 29161 -9290 11940 3617
1 0 24002 6916 20076 15272
1 0 -19694 20042 16794 24125
1 0 23227 15687 21409 16643
1 0 17565 18342 2412 -25955
1 0 -24864 821 -6731 9574
1 0 -31033 26067 1798 -21823
1 0 -10460 -27252 -30746 16236
1 0 -8175 -18524 -28497 4734
1 0 17212 -22498 27704 3622
1 0 -2946 3317 12253 -31532
1 0 -10719 22311 -13702 -21599
1 0 -13940 1856 30356 -16918
1 0 7223 9690 -14405 27791
1 0 3162 7415 -13471 6008
1 0 -21164 10304 -23076 11503
0 0 26659 26733 2592 12584
1 0 -14007 -8518 26040 12090
1 0 24363 13499 32693 -26854
1 0 4276 29020 17632 5337
1 0 1538 22451 2588 -18242
1 0 7220 -8603 32021 -17293
1 0 14530 -11268 -15203 12994
1 0 32283 5305 8843 -22580
1 0 24152 -26993 8325 20585
0 0 -20057 -16449 -17117 15682
1 0 21888 -32659 -20570 -26416
1 0 16492 -23253 16400 11769
1 0 2252 -31834 21396 28437
1 0 -29747 23161 -27482 14190
1 0 -5027 -7726 -13226 -23375
1 0 9253 -24284 -17062 -15851
1 0 4511 23335 22065 -3280
1 0 24138 -4331 -3270 -3081
1 0 17640 27523 32705 23389
0 0 31413 12461 -29311 24592
1 0 -2448 10615 -23911 -15831
1 0 -2639 -24965 26259 -14627
1 0 388 4773 -26928 -20968
1 0 -16472 -15854 27226 15286
1 0 28784 -32016 -24568 781
1 0 7777 10719 16274 -29203
1 0 -12326 -26455 70 -7068
1 0 -12542 -18144 32334 -32006
1 0 -21674 105 31186 -32332
1 0 -14136 -9938 -26703 13521
1 0 8740 1416 1934 12376
1 0 27458 -26821 -15732 32425
1 0 -8966 15794 -4911 -25962
1 0 -8325 9855 21477 2139
1 0 2203 116 16317 -27464
1 0 -2595 -4382 17349 -7616
1 0 -31455 -21651 310 6634
1 0 25374 -25108 -25617 -1837
1 0 7264 -20533 8222 6952
1 0 -28854 -12384 -14070 -6334
1 0 -16834 -3278 -6176 19010
1 0 -5251 29886 8465 9138
1 0 -14175 4675 -28541 -3116
0 0 27830 17143 -25815 12739
1 0 14791 18591 13304 -18134
1 0 20763 1322 -3535 -17771
1 0 8666 -21122 3802 7890
1 0 -31870 5763 6128 7699
1 0 -9019 10274 -13564 24593
1 0 26695 10639 -3903 -3124
1 0 -14499 30191 -20410 -6556
1 0 -19958 -29837 22897 -29985
1 0 -3823 -15064 -12372 17482
1 0 5888 2877 23529 -7564
1 0 1284 2809 -24761 11886
1 0 -28529 -24389 -13226 16496
1 0 -12541 -30004 -7387 23749
1 0 4313 9577 -14415 7727
1 0 12318 -31432 -23263 -6875
1 0 5517 -26786 7706 -30114
1 0 9155 9006 29835 -32016
1 0 -782 10369 27596 -18031
1 0 -28374 -22617 15456 -8546
1 0 -32451 -2679 9837 22039
1 0 26486 8952 -17933 17036
1 0 -18344 -30627 30061 -11311
1 0 9142 16724 14390 2844
1 0 10746 -24929 -30549 178
0 0 31893 9972 21234 1782
1 0 20523 16809 25496 28072
1 0 -12482 -27125 15937 -6845
1 0 1882 -5058 4393 -26164
1 0 865 -17568 21077 32415
1 0 22065 8850 -29678 -24443
0 0 5874 -21492 -17182 -4510
1 0 -22034 -7885 -24882 1847
1 0 29314 -7793 31912 -31918
1 0 32162 6088 29911 -23356
1 0 -22483 -8264 24986 -4845
1 0 -1825 10119 -25222 -6860
1 0 -7969 21652 -10344 -10713
1 0 9155 -14765 -3941 -12101
1 0 -9500 -23095 -19434 -13457
1 0 15975 15617 29408 16420
1 0 -13952 -20890 31125 8590
1 0 -26398 26243 -9452 -25268
1 0 28042 27439 -6672 -9369
1 0 -18153 9402 -8774 -390
1 0 8699 22228 20440 -7472
1 0 -23097 19997 -15372 -31858
1 0 -10359 -6970 22358 -24788
0 0 -32742 -15092 -23274 18423
1 0 26548 -4402 17537 -1309
1 0 -27521 16680 10565 -16659
1 0 -10723 -22575 -1630 25537
1 0 2979 14550 25363 21343
1 0 20369 -27607 -21317 -16310
1 0 -26526 -15507 1235 -31077
1 0 -30992 329 5656 -22447
1 0 27640 24828 14266 -12018
1 0 27257 -5689 -5285 11909
1 0 25325 16138 18691 17870
1 0 -25454 -22427 -18082 -6498
1 0 10310 -9876 -21594 29745
0 0 14415 13328 -24829 -30121
1 0 -27537 3431 -26991 -22493
1 0 -15294 5267 17141 853
1 0 -9235 32356 -21534 -6369
1 0 17904 -13064 -29705 -9391
1 0 30299 22314 -23260 31642
1 0 28936 -8183 -25066 -3201
1 0 -16542 12028 3859 13433
1 0 -3090 15681 -30927 25561
1 0 18689 -7095 -13391 14342
1 0 -31754 -18470 -17436 21773
1 0 -8660 12103 10455 -761
1 0 20449 -5364 6618 -1814
1 0 -7065 11509 20505 14496
1 0 -14025 16127 8852 -24261
1 0 -8099 -15804 -20392 3901
1 0 28112 7397 -19753 30477
1 0 -25615 -540 993 -16718
1 0 -9025 -6683 -16797 -12686
1 0 -31920 -160 -18695 13029
1 0 11084 -27123 4505 5412
1 0 29772 -574 21767 10527
1 0 480 -29527 30906 -10624
1 0 6277 -12957 -32403 -11967
1 0 19909 4971 -16010 14171
1 0 -27875 -16030 15300 -13790
1 0 -5881 3362 -9924 3588
1 0 -19698 -2542 6164 -26548
1 0 -3087 11724 -30288 -8361
1 0 -20039 14952 -4725 -27542
1 0 -5113 10751 11903 -31626
1 0 -24620 31031 11106 31400
1 0 -11221 19278 32386 -26328
1 0 -14816 -1590 -22726 18064
1 0 -31658 13120 8472 16767
1 0 19113 16816 -15204 23801
1 0 13256 -15135 -7303 294
1 0 -21707 15152 16793 24905
1 0 -28264 2748 -26480 24389
1 0 -31271 -29158 3589 21452
1 0 -23508 -25464 -1471 -30638
1 0 27064 25188 1918 17167
1 0 -2161 -3038 -1770 7756
1 0 3807 10057 -30238 10427
1 0 -19485 12742 30460 -31859
1 0 22968 17330 -26306 7668
1 0 -24528 16010 -27352 29822
1 0 17823 -10953 -1168 26956
1 0 -21220 -2681 -1657 -25424
1 0 -13080 -1060 -31007 -27179
1 0 -14661 14863 12058 -16864
1 0 11364 19452 31583 -23942
1 0 -30611 31579 5366 -28532
1 0 -22975 -11528 15479 15833
1 0 -4780 -27605 -23305 18726
1 0 -4012 -11416 20963 -12369
0 0 25644 6101 -3750 20869
1 0 24039 -13520 -26895 -18954
1 0 4176 -32325 12778 -17880
1 0 9170 10714 7846 -31682
1 0 -25305 -26793 13011 -21728
0 0 -30145 17837 2577 9303
1 0 -16333 -32437 15978 30217
1 0 11798 -6542 -1296 26813
1 1 -4896 -24593 19599 9945
1 0 14357 7725 2178 -23959
1 0 -30927 -26652 5866 -28921
1 0 -12367 30278 -12270 23596
0 0 4300 5929 -32324 30687
1 0 19502 21482 -27927 16354
1 0 -5673 7784 14785 27023
1 0 -21497 -11999 -22360 20910
0 0 25216 31534 27919 -26307
1 0 11750 29059 9720 23916
1 0 -28998 28224 29868 -10137
1 0 -29911 -14306 25292 -17145
1 0 10989 6229 9091 11719
1 0 18753 -11998 16007 19403
1 0 29901 15650 14412 -23845
1 0 3519 8417 20117 -27144
1 0 -25854 -23051 -21436 -22283
1 0 -26482 -23949 -32006 -8530
1 0 20676 2961 26388 -30974
1 0 -13322 20655 -17527 -28651
1 0 17173 4580 -18312 22239
1 0 -11459 3368 -1209 -8790
0 0 -3242 -11080 -10165 29958
1 0 -594 -12402 -1882 29976
1 0 -21638 25253 28414 30994
1 0 -17694 -13734 -18637 -22198
1 0 -4905 19905 -12775 7091
1 0 18548 23991 -26585 5023
1 0 -3531 -935 24058 -28197
1 0 -31021 18803 -15388 8650
1 0 -24809 17126 -30304 8386
1 0 7605 -4013 1044 -31222
1 0 28368 27469 -16520 3660
1 0 -16349 -1817 15131 -3857
1 0 -29308 11874 11828 -23194
1 0 4587 27392 -15890 -6104
1 0 8639 -3850 7377 -8643
1 0 21018 12644 -31501 -6092
1 0 31817 -1453 -1344 -22311
1 0 12293 2388 25865 6065
1 0 3241 5460 -13069 -13785
1 0 -9200 3152 -9291 27559
1 0 -13079 2366 -14085 -25330
1 0 18335 -14097 9705 -11237
1 0 -29111 -1500 4040 -1588
1 0 -17858 3510 -9748 822
1 0 -7375 459 -16646 -18092
1 0 -7338 -23935 -22279 11134
0 0 171 -31016 4625 11847
1 0 -7208 4410 -15840 24381
0 0 -28410 -1823 -9714 -30059
1 0 25485 -1840 -1897 -21629
1 0 18143 -7457 -18954 -24517
1 0 -30744 23371 -341 21193
1 0 28806 28161 7312 26901
1 0 9521 29030 26304 22329
1 0 -14676 16951 -26680 -26561
1 0 26793 16300 10111 29508
1 0 21555 -16527 25304 -27849
1 0 6896 -981 -14607 -30808
1 0 -32698 -23139 9878 -623
0 0 12360 -32151 -23774 7655
1 0 22787 1945 -7965 -24679
1 0 -3226 -42 -25889 -30059
1 0 29039 20059 -8818 2143
1 0 27101 -9392 31269 13242
1 0 -5574 6443 26939 -6241
1 0 -5074 -27600 -13161 657
1 0 16485 -6633 -14602 8720
1 0 -32083 4901 -20580 -3944
1 0 -15173 11492 -6447 22033
1 0 -10306 -3532 18977 31909
1 0 -9546 28533 15035 -20724
1 0 8341 13132 8663 -15973
1 0 24063 -6439 32449 5907
1 0 32136 -19230 -16657 19849
1 0 14561 -14278 -15308 -10514
1 0 -16929 -14161 -19814 4879
1 0 17951 -6463 15909 30362
1 0 -16401 -25957 -29820 -8563
1 0 -27664 -19537 -600 5275
1 0 5211 -19172 4291 -31460
1 0 22397 32026 14596 11303
1 0 -16089 19618 20814 -31998
1 0 -29323 31956 -23683 15350
1 0 32082 -20231 7910 -21306
1 0 11109 -22446 -9215 30112
1 0 29936 9934 25574 32052
1 0 -30776 3967 30389 21570
0 0 4221 5169 18947 24204
1 0 -31210 12190 2215 27071
1 0 -12354 -4562 -6640 -8664
1 0 25 2126 16831 -15642
1 0 23800 22193 31519 30649
1 0 7541 -30969 22459 109
1 0 21389 11113 -20499 18313
1 0 -24668 25322 20610 9321
1 0 12575 11923 -3348 -16951
0 0 31680 -31481 22554 17514
1 0 -430 15920 -7398 29791
1 0 31909 2095 -8147 5035
1 0 -8571 6333 -32217 17635
1 0 -19456 -5748 17623 -32670
1 0 2256 7948 3200 -23917
1 0 15027 7930 -4885 17059
0 0 8676 24053 2074 -4728
0 0 345 -10209 3927 -29600
1 0 15030 20145 9085 5967
1 0 -29831 -6899 -12648 -22055
1 0 -9692 -18569 31188 28057
1 0 12147 -2665 22322 -23791
1 0 -8575 23379 30314 -26581
1 0 23149 5387 410 -10676
1 0 -27420 5010 9905 -20582
1 0 -22995 -3285 2400 11835
1 0 -25259 31876 -16051 15524
0 0 3321 32294 27710 10649
1 0 8075 -16829 -28932 12098
1 0 4394 -1323 -26379 -20453
0 0 17048 -27903 -18359 26589
1 0 -16788 -8581 17625 -11532
1 0 -13014 -25214 -8897 14938
1 0 6914 -32107 -15972 11022
1 0 2005 -9260 -9528 2741
1 0 -19227 2645 17877 -11050
1 0 14451 -6177 -27265 -16020
1 0 -25612 -20165 13507 -8721
0 0 12490 19652 -13247 26953
1 0 -30084 -24078 3756 -3508
1 0 -8493 -16774 -20694 -28751
1 0 11735 7598 -3896 12270
1 0 -32408 11261 11600 -13520
1 0 11730 -19843 -18968 27786
1 0 15835 22864 -24153 13887
1 0 -5242 -16352 4545 -24515
1 0 -20816 14465 15482 7413
1 0 17781 -29686 -19163 -6978
1 0 21351 11368 -11896 20942
1 0 -24015 4765 18041 17772
1 0 2417 11629 31189 32128
1 0 25848 12929 -8212 13146
1 0 1346 -14654 12097 -15965
1 0 28010 5049 -1916 -23788
1 0 26515 10896 -26869 12316
1 0 26862 -31292 28471 -28541
1 0 -31907 -8797 4307 -25300
1 0 -20887 -32568 -3233 -22526
1 0 -3086 21931 -16517 22273
1 0 17955 284 -13448 6650
1 0 -23137 9795 2406 -18395
1 0 14474 -25795 14932 5654
1 0 -18520 15649 -18172 -17291
1 0 -27581 31702 703 15375
1 0 26315 -19540 29130 29345
1 0 23900 21557 14197 -26714
1 0 13263 17967 -118 11044
1 0 -5977 22983 22202 25390
1 0 6505 -30084 -539 14816
1 0 -3683 -5994 12653 -30619
1 0 -12085 442 30402 28837
1 0 -21898 5838 8691 23502
1 0 9393 -9785 -24460 17694
1 0 23414 -11304 -29909 27134
1 0 18749 -10628 -9993 -27364
1 0 12997 2978 8463 22626
1 0 31038 4836 5171 23446
1 0 -5136 -30447 -11576 10275
1 0 17589 -13051 14476 5022
1 0 -6284 27476 18102 9460
1 0 31966 -7726 -15090 12527
1 0 6427 -1052 1543 7344
1 0 -8898 -21160 -14724 483
1 0 -9701 11494 1950 -266
1 0 -19819 14332 -16534 -28801
1 0 -20751 -4692 -31301 31949
1 0 -221 14734 23784 -25976
1 0 -21633 23614 4314 24870
1 0 2690 9814 -9461 23614
1 0 -8298 -24423 12875 15950
1 0 18191 -1530 13639 22267
1 0 -24213 21375 -2270 15445
1 0 8301 31392 -1276 14988
1 0 -19263 24647 32089 -7616
1 0 475 4697 -22380 30480
1 0 -21107 32270 -18784 5390
1 0 20982 21295 2542 -32108
1 0 31718 22285 -3684 6386
1 0 -1101 -25432 3386 24669
1 0 -9694 4005 29769 26062
1 0 5336 14314 2469 24706
1 0 12280 16929 -85 -28224
1 0 -31975 -8114 -589 -11612
1 0 7853 4830 -20948 12873
1 0 8095 -7092 -19817 -3656
1 0 -11207 -4158 27662 -29576
1 0 31008 14449 9602 -9258
1 0 3192 4748 -26767 24931
1 0 -19461 -15863 29301 -26127
0 0 24150 -32635 -16442 27473
1 0 -28181 -22041 -19870 10111
1 0 6909 17742 28890 24677
1 0 22936 -31903 -10242 8368
1 0 7591 9653 14602 7811
1 0 30435 -22614 -20090 15753
1 0 -26593 -22564 20594 23166
1 0 4126 8203 -20473 -31586
1 0 -30985 25406 -2470 -21421
1 0 -21670 -18640 17962 -10855
1 0 28460 16359 29083 -6298
1 0 -4540 15794 1871 -29338
1 0 32613 -500 19889 -1682
1 0 -30183 -13730 5159 -5071
1 0 -491 -21183 16380 6274
1 0 -5031 -29775 632 15920
1 0 19738 -32155 -6640 22057
1 0 5068 24301 -22799 -25704
1 0 -7287 28656 30431 -7527
1 0 1178 -10165 -27507 -20280
1 0 3197 4987 17331 4214
1 0 -7045 23368 -29442 -11177
1 0 6278 -10616 1929 -24342
1 0 26931 -18129 -1891 3101
1 0 21915 30495 -24661 -26762
1 0 -8738 32643 8257 -32721
1 0 -25480 -29193 6573 16360
1 0 29012 -28873 -21381 -19731
1 0 28112 3853 25266 13442
1 0 -23782 26108 29291 11287
1 0 1275 -18528 3059 21978
1 0 11526 -13823 -23656 -10822
1 0 -32131 -19192 -23177 -29465
0 0 -18859 31186 10771 -25060
1 0 -9003 -14831 -18843 25112
1 0 -30209 16338 30504 -32593
1 0 -24016 -20359 -4530 24920
1 0 938 -31040 18837 10878
1 0 -16829 -7214 -32518 -21309
1 0 139 -14439 -30259 20940
1 0 -21076 6991 -26566 -18113
1 0 16451 5732 26107 23048
1 0 -31969 12802 13041 -31167
1 0 -5812 -1244 20282 -15828
1 0 22230 23353 28978 30971
1 0 27231 5970 24219 3146
1 0 -31470 -16424 -22563 20015
1 0 24673 -23011 15691 -22699
1 0 -30028 -8113 -31107 4794
1 0 -17844 28658 -16378 -23535
1 0 -19095 16735 -21960 31908
1 0 -7301 11452 329 -5800
1 0 -10577 18757 -5488 -14974
1 0 -26469 25182 -2524 15436
1 0 -4613 27373 -16337 27690
1 0 4767 8068 5804 -2658
1 0 19375 -10008 -20695 -5014
1 0 -18707 -13324 -18358 23122
1 0 -421 -17174 12340 -21381
1 0 -21026 13058 26293 -11812
0 0 24332 -22497 -26469 -13675
1 0 -23144 -18561 -20320 -18794
1 0 -7578 -5883 -27362 4205
1 0 -10621 7519 17081 5924
1 0 25079 -24028 8783 16935
1 0 -30263 28118 -26263 1355
1 0 10026 23197 9286 -7117
1 0 -24027 1385 -3117 15977
1 0 -5603 16994 20285 -21600
1 0 32252 29817 -654 2567
1 0 -10330 -17664 21375 -18868
1 0 -13782 -28010 5627 -19193
1 0 27761 -20329 6596 26078
1 0 20298 -14910 -28391 20795
1 0 11928 14935 -28751 1904
0 0 10699 -18443 -4827 -1898
1 0 -5008 12115 -28332 28686
1 0 -28360 -3973 -10801 8279
1 0 18603 63 -22467 -12404
1 0 25374 14439 -23438 -15488
1 0 15734 -16644 -1096 -32141
1 0 -9761 -15094 30279 -20823
1 0 -7804 -5499 -23961 -9401
1 0 26117 -22897 -22432 -2463
1 0 23921 30931 688 -10030
1 0 -28914 10663 18218 11910
1 0 30470 5984 -9273 15042
1 0 -3657 18949 27174 19264
1 0 22031 -8072 -129 -30371
1 0 -18209 27994 6438 16113
1 0 31428 18689 32698 -28136
1 0 9550 -14487 -2458 -1985
1 0 -31937 -30109 -25809 -30683
1 0 7711 6932 -18531 -11916
1 0 -26526 -21144 -8434 29842
1 0 -14627 11816 -32744 23625
1 0 19200 -13103 22384 12781
1 0 26587 -3893 11484 -21153
1 0 21519 -11623 30596 -8918
1 0 1450 -27332 -24569 18627
1 0 2145 -30412 3919 19996
1 0 -7031 -31425 30917 -27106
1 0 -22792 24039 -24186 15803
1 0 -10761 -1803 30243 -6971
1 0 -24990 -15762 13409 8179
1 0 -12891 32139 25307 -4317
1 0 18393 18025 31662 4779
1 0 -4033 -3531 27658 12355
1 0 -16931 -29779 27074 -27547
1 0 30144 8899 -8907 -2175
0 0 -30419 -25908 32411 -9486
1 0 -18569 5878 12970 -17378
1 0 -9631 19832 -770 30712
1 0 -16337 -2844 399 31469
1 0 11342 31393 19356 3056
1 0 -16561 -30327 25575 -9960
1 0 -23357 -1183 -18950 13887
1 0 -7531 -27480 25119 -23273
1 0 -1104 -17813 -9258 19275
1 0 4348 -25822 4828 -18027
1 0 -15693 28329 6261 -4731
1 0 -16007 20869 9939 2762
1 0 16186 11119 -14180 23307
1 0 3370 25948 -24337 23661
0 0 25747 24198 20471 10852
1 0 17530 -18689 -17213 28286
1 0 10509 -6729 -8826 -32185
1 1 17453 -11232 -3221 -6457
1 0 25333 16797 27777 -3645
1 1 -17824 9745 4435 -17943
1 0 -12019 -2383 -32702 -13241
1 0 7737 5635 14907 -8498
1 0 32043 -5918 20902 -1347
1 0 8486 -3334 11438 -2974
1 0 26489 23205 -32391 -24572
1 0 8735 19377 -21937 -3196
1 0 21935 1025 -10456 -8214
1 0 32538 -15294 -18750 3198
1 0 13266 -19551 7266 -25335
1 0 -7117 -16665 17425 -28913
1 0 -5800 6851 -24835 -8385
1 0 -21221 -14337 20083 -13233
1 0 27776 -12126 137 -30765
1 0 -22610 -30269 -1117 5400
1 0 -8301 31430 -26421 -24052
1 0 -18147 -15355 -25853 6302
1 0 22287 -27395 9267 26574
1 0 32360 28246 30137 -28737
1 0 2819 12932 32700 -3843
1 0 22518 -9401 -7074 13769
1 0 4959 -22462 -16053 10820
1 0 -27258 -7686 12707 -27423
1 0 -19839 2374 -13521 -30937
1 0 20956 -1339 13303 -32282
1 0 -32473 1881 10733 -6862
1 0 -31931 21641 29724 24265
1 0 22532 9724 -1049 -30158
1 0 27015 -316 -31359 27745
1 0 -18446 19359 540 -1993
1 0 12778 30392 -13768 -14454
0 0 29985 22293 167 -25970
1 0 -10831 12692 8504 22841
1 0 18869 20640 -6310 9948
1 0 -1518 -16171 19996 8552
1 0 7077 -16296 -24842 -4335
1 0 32486 -23675 -21389 13516
1 0 31071 -5657 -6432 25457
1 0 -4682 -4999 -927 -12012
1 0 26265 16425 -20428 28186
1 0 11485 -31302 -1758 32693
1 0 27163 -19052 82 21200
1 0 27835 -24949 21099 -25422
1 0 25850 -8004 -27199 -13250
1 0 -25003 23929 -11104 -23856
1 0 4510 -23662 620 11062
0 0 24042 24795 17038 -30658
1 0 -27745 -8459 -32668 -7624
1 0 -17063 4342 -8922 21918
1 0 25968 -4815 -7917 26915
1 0 -23593 17223 21512 -8373
1 0 -2250 -20404 -6078 20830
1 0 -20592 10123 -6924 -20100
1 0 80 -23965 -14544 -15185
1 0 6195 10612 -9519 25114
1 0 11872 -17463 -24571 28548
1 0 9388 -23633 -24301 29722
1 0 -28879 22909 13902 30300
0 0 1855 -18839 26309 7456
1 0 27348 -9240 17536 9630
1 0 31989 -30131 8309 -4023
1 0 3167 6066 -25460 -18915
1 0 30638 -9776 -9305 -2377
1 0 -26421 6719 5142 16790
1 0 -20956 76 2200 -22057
1 0 -1499 16177 -2958 162
1 0 12211 22021 -4944 -11880
1 0 -31335 -12215 -835 25277
1 0 -3185 -7801 3210 8157
1 0 -14398 -26019 28905 22311
1 0 25256 30015 32627 16458
1 0 -31987 11990 13401 -8958
1 0 -31756 21111 -12850 4361
1 0 -4692 10603 -12932 6152
1 0 -18887 31936 31484 -438
1 0 29359 -28588 9038 -25714
1 0 28721 20394 -16195 10152
1 0 2853 22750 892 32565
1 0 31650 25852 14678 11771
1 0 21627 8926 16961 12603
1 0 8177 25629 -31185 3294
1 0 -10871 -30324 -10003 6228
1 0 -10591 16058 18440 -8362
1 0 25086 31757 -26693 -15662
1 0 30129 6102 -32736 11235
1 0 13676 4013 19544 17410
1 0 -30743 9895 -17720 4040
1 0 -7044 18548 -25226 -27397
1 0 -4479 -28421 -21147 13359
1 0 -20345 12495 -17701 -8421
1 0 -13287 1709 30705 -1623
1 0 15245 -30680 -467 20966
1 0 -25440 -26919 -14352 18104
1 0 -9009 -18637 12414 -7052
1 1 11907 -29529 12304 28697
